0.17325
-0.50554
-1.1933
0.64697
-0.35362
0.046435
-0.79295
-1.5505
0.17159
-0.062139
1.199
0.8017
1.0533
-0.74888
-0.93633
-1.2691
0.49798
2.7891
0.72757
-0.77306
0.83663
-1.1283
-1.4245
0.71744
-0.77791
0.31599
1.4065
0.40112
0.92966
-1.6058
0.66154
2.1385
0.54114
-1.5409
-0.20314
-0.49997
0.38302
0.41204
0.40549
-0.36378
-0.59927
-0.58959
0.85354
-1.853
-0.2073
0.27038
-0.65277
0.47723
-0.07132
-0.9383
0.16136
-0.26818
-0.40987
-0.71132
0.061445
-1.8461
-0.39833
-0.54355
-0.9119
0.6527
-0.73427
0.54063
0.97584
-0.15687
0.2778
0.63952
-0.080978
0.54087
-1.2626
1.1104
-0.98956
-1.8288
1.3845
-0.062727
0.44892
-0.36326
-1.0206
-3.073
0.62628
-0.28668
-0.19734
0.40561
-1.4193
-0.72945
1.1473
0.59786
-1.2813
-2.2033
-0.57125
0.214
0.94238
0.093725
-1.1223
0.30616
-1.1723
-0.96097
-0.65374
-1.2294
-0.27097
-0.89995
-0.28569
-0.46242
-0.40979
-0.50354
1.2333
0.61031
0.059072
-1.4669
-1.6258
-1.9648
2.6052
0.97237
0.25698
-0.97424
-1.1464
0.54764
1.5651
-1.6933
-0.4494
-0.084292
-1.992
0.84125
-0.41466
1.9122
-0.3909
0.40918
-1.1424
-0.62486
-1.1687
0.39258
1.3018
-0.59364
0.43638
-0.50436
0.10211
1.1963
0.12028
-1.0368
-0.8571
-0.16987
-0.19167
-0.86582
0.18066
1.2665
-0.25117
-0.20457
-2.2015
-0.77451
-1.3933
-0.38623
0.52559
1.5233
1.7985
-0.11688
-0.3202
0.81752
0.49016
0.76525
0.77828
-1.4803
0.54036
-0.091539
-0.76025
-0.6936
1.2815
-0.80974
-1.2368
0.21469
2.0108
0.025554
0.3083
-0.93825
1.6742
0.12499
0.5301
-0.95207
0.85404
0.38915
-1.156
0.03974
-0.4506
0.10925
-0.25055
-0.1899
-1.0329
-0.32329
0.76653
1.7447
-1.1605
2.3774
1.5261
0.16851
-0.30121
-0.69865
0.83277
-0.69461
-0.46188
0.88362
0.43594
0.89675
0.50473
-0.4009
-0.51385
0.79637
-0.67119
1.1867
0.7907
0.28772
0.0032261
0.36562
3.5267
-0.11244
-1.5566
1.9151
0.60985
-0.64791
2.6173
0.55095
0.2942
-0.77784
-1.0649
-1.7684
-0.42292
-1.0531
0.64776
-0.31763
1.769
1.5106
0.16401
-0.28276
1.1522
-1.1465
0.6737
-0.66911
-0.40032
-0.6718
0.57563
-0.77809
-1.0636
0.55298
-0.42343
0.36159
-0.35189
0.26954
-2.5644
0.46586
1.8536
1.0393
0.9109
-0.23973
0.181
0.24425
0.096393
-0.83047
-0.35225
-0.17478
-0.48065
0.83684
2.5383
-1.3233
0.12834
-1.4424
1.3025
1.4099
-1.6625
1.9437
-1.0847
0.22682
1.0989
0.14719
2.2957
2.7526
0.13832
-1.9071
-0.36499
-0.84811
-0.76475
-1.1277
0.078189
2.1066
-0.71585
-0.28052
1.1665
1.2128
0.48554
1.026
0.87073
-0.38176
0.42889
-0.29913
-0.89987
0.63475
0.067454
-0.18712
0.29173
0.98769
0.39293
0.19455
0.27978
0.05122
-0.77447
0.78678
1.4089
-0.5341
1.9278
-0.17625
-0.24375
-0.8976
-0.79234
-0.95297
0.35391
1.597
0.52747
0.8542
1.3418
-2.4995
-0.16756
0.35302
0.71725
-1.3049
-1.0059
0.79068
-0.11657
0.55309
-0.96064
-1.6338
0.7612
1.1933
1.6321
-1.5322
-1.3369
-1.4738
-0.041663
-0.61551
1.3142
-1.4551
-1.7423
0.2053
1.1929
-0.80282
-1.2656
-0.14933
-1.6364
0.017344
0.82839
0.21774
-1.9092
-0.53682
-0.30203
1.8136
0.91485
-0.057081
1.3094
-1.0447
-0.34827
1.4126
1.5024
0.73038
0.49075
-0.58613
0.7449
-0.82815
0.57452
0.28184
1.1393
-0.42587
0.63614
0.79318
-0.89838
0.15624
1.5973
0.11244
-0.30862
0.45666
-0.2751
0.44314
-0.13477
-0.018328
0.46079
1.3623
0.45187
1.6484
-2.0284
-0.44926
0.23599
-0.83517
-1.276
0.61704
0.6127
0.28938
0.39532
-0.87056
-0.49769
-0.10667
-0.68783
0.33188
2.3652
-0.48223
0.64745
-1.0344
1.3396
-0.96914
0.20872
-0.61859
0.51202
0.011354
-0.043989
2.9491
-0.63005
-0.046879
2.683
-1.1467
0.553
-1.0765
1.0306
0.32753
0.65212
-0.27886
0.24519
1.4725
-2.2751
-1.6333
0.41547
-0.65477
-0.29635
-1.4969
-0.90483
-0.40418
-0.7258
-0.86649
-0.42185
-0.94267
1.3419
-0.98843
1.8179
-0.37444
-1.4517
-0.61868
0.9345
1.0559
0.16023
0.2874
0.63291
-1.459
-0.58171
-1.8301
-0.4491
0.94927
0.71744
2.2878
0.16673
-2.1565
1.6894
1.2823
-0.58263
0.22261
0.77945
0.38471
0.69637
-0.11272
-0.038824
0.088089
-0.78966
1.423
0.0063317
0.68648
-0.85493
-1.0752
-0.090967
-0.25277
1.1948
0.60606
0.54051
-1.4449
-0.96769
0.20205
-0.34788
1.2901
1.3412
-0.5808
0.87514
1.3954
0.32099
1.6234
1.0624
0.21411
0.8768
0.19441
-0.41489
0.35846
0.036223
-0.36463
1.771
0.22127
2.7304
-0.29617
0.5643
1.5826
2.7292
0.30356
-0.79026
0.80338
-1.3199
-0.27385
0.27187
1.4896
1.4371
-0.027561
0.92393
-0.32128
0.66112
1.9153
0.15676
-0.30054
-0.50003
0.71647
1.3373
2.1257
0.054046
0.16304
-0.63271
1.612
-0.075449
-0.47324
2.1842
0.80988
0.71634
-1.0056
0.43399
0.52014
-1.0922
-0.22579
-0.40492
0.52786
-1.007
1.089
1.7849
-0.30375
-0.0086966
0.50664
1.2033
0.52202
0.39705
-0.48281
-0.2315
0.61339
1.6829
0.56839
-1.206
0.43306
-0.092121
-0.24405
-0.21919
-0.87977
-0.3208
-0.78442
-0.36496
0.11727
0.17434
-0.21566
-0.15261
0.033688
0.45828
1.2816
0.62009
-0.28667
0.59802
-0.24553
-1.7807
-2.3472
-1.7136
-0.23713
-0.61963
-0.72016
0.040657
-0.65898
-0.63052
0.60963
0.78233
2.4366
0.30241
0.05832
-0.57413
-0.19521
-0.050531
-1.7558
-0.25736
0.74954
-0.57076
0.49423
0.99144
1.0771
0.77684
-2.2598
-0.56438
0.90149
0.39468
0.0048544
0.43692
1.1301
0.15377
-0.75863
-0.18016
-0.20779
0.89675
0.41231
0.54752
0.14784
-0.36227
0.061141
0.21671
-1.3981
0.17887
0.92758
-0.11018
1.5724
0.56049
-0.42034
-0.15395
-0.2752
0.24112
0.75469
-0.29191
0.45845
1.7553
0.93149
0.82526
-0.81481
-0.5342
0.24255
-0.10065
-1.625
-1.5144
1.0262
-0.75813
2.0783
-2.222
0.44876
0.00062612
-0.75624
0.40432
-0.79385
0.85978
0.066869
-1.6394
-2.4247
-0.28383
1.1458
0.18117
0.05425
0.68775
-1.3934
1.4254
-0.89385
0.037765
-0.36357
0.14956
-1.9445
1.5239
0.54581
2.0099
1.4167
0.011481
-0.93905
-1.7389
0.016971
0.21916
1.0458
-0.95098
0.7948
0.07143
-0.77369
0.77416
0.26565
-0.23511
1.8773
0.60924
-0.11027
0.27746
0.087046
0.17359
0.45359
-0.60352
-0.79702
0.36065
1.8851
-0.30682
-1.0127
-0.23855
-0.48401
-0.32734
0.47552
-0.13
-0.59435
-0.44377
-1.3225
-0.85952
-1.413
-0.51599
-1.0851
-0.70716
-0.30165
-1.2004
-0.019362
0.34037
-0.96323
1.1139
-1.5861
-0.39179
-1.4847
-0.34463
-1.3239
-0.57483
-0.74071
-1.185
-2.0649
0.56506
2.0001
2.2233
-0.49218
-0.046003
-0.46575
0.075947
-0.91877
-1.9195
-0.036443
-1.2251
-1.9024
2.3742
-0.23335
0.40388
1.1925
-1.6848
0.41315
0.50175
0.083064
0.1578
-0.52794
0.72306
-0.84994
-0.79638
0.72534
1.6865
-0.38639
-0.50508
0.40807
1.0724
0.96798
0.27015
-0.63441
0.62976
-0.079234
1.3769
-1.4082
0.14123
1.2897
-0.49494
-0.62482
-0.93363
-0.27872
-0.20052
0.13674
-0.88335
0.082538
-0.60387
-0.36873
-0.83817
-0.28248
3.5699
3.4075
1.1469
0.78726
-1.2781
-0.58459
-0.61941
0.5353
0.48299
0.10848
-0.34028
-0.92585
0.0053217
1.1391
0.42736
0.18103
0.65748
0.58425
-1.6165
0.018774
-0.42596
-2.034
-1.3286
-0.31989
0.82543
-0.22929
0.26225
-0.89798
-2.1573
0.093917
-0.95118
1.1726
1.7351
-0.3717
1.1929
0.95365
-1.415
-0.033356
0.26112
0.52299
0.67679
0.6744
0.6784
-0.31258
0.37924
-2.2529
-1.1684
1.202
-0.66074
0.32756
1.5081
-0.88891
-0.95928
-0.49272
0.44106
-0.20476
-0.97781
-1.5729
-0.37026
-0.22115
-0.53521
-0.26197
-1.0954
0.54923
-2.1746
0.14461
0.66903
-0.84883
-0.05709
0.29179
-0.61462
-0.013643
0.41211
-0.93715
0.83516
1.0945
0.32118
0.015113
-1.1645
0.49484
-1.2158
1.5908
0.52648
0.26482
-0.3936
-2.1763
-1.1957
0.36533
2.4124
0.74025
0.30975
-0.54199
0.12228
0.96228
-0.25397
1.8918
-1.2203
-0.37624
0.052429
-1.9539
0.56542
0.077794
0.080701
0.79471
1.0437
0.80218
-0.46882
-0.046592
0.35345
-1.2568
-1.036
-0.42696
0.077669
1.7909
0.79726
-0.4425
-0.62909
1.5338
2.7335
0.16744
-0.47887
-1.4127
0.97499
0.28972
1.1654
-0.90871
0.24058
-0.65405
1.275
-0.55119
-0.087409
-0.34782
0.99396
0.42844
-1.0042
-0.63269
-1.0457
0.50571
0.33195
-1.6354
-1.9068
-0.040399
0.69719
0.1688
-1.5438
-1.5518
0.86708
-0.14537
-0.38624
1.3162
-0.79646
0.13544
0.41781
0.81988
-0.85435
0.35732
2.7485
-1.513
0.43398
-0.22977
-0.82709
-0.83198
0.4979
2.3156
-0.79383
0.54096
-0.55906
1.9766
0.54466
-0.13791
0.61988
-0.0055828
1.1072
-0.18559
-1.1214
0.24645
1.561
-1.1966
-0.24235
1.0048
-1.9201
0.62545
0.75296
0.21348
-0.77023
-0.0071347
0.093187
0.93525
0.66352
-0.35023
1.6199
-0.050833
-0.8127
-0.43842
0.85861
0.19522
0.88886
0.069222
2.4868
-1.6656
-0.41593
-0.084225
0.089252
1.4561
0.21945
-0.11488
0.068602
0.75149
-0.68943
0.45081
-1.565
-0.078796
-0.94179
-0.65286
0.28253
-1.1251
-0.98897
-1.5159
-2.2285
-0.15152
1.1627
-0.18194
-0.23395
-1.0467
1.5833
-0.24941
1.294
0.36198
-0.26305
1.0821
0.98243
-0.11144
1.296
1.7813
-0.065615
-0.25568
0.40464
0.35176
0.80751
-0.25559
0.71511
1.0486
0.17755
0.1533
-1.2543
-1.1728
-1.4614
-1.2443
-0.1551
-1.6149
2.2461
0.73928
-2.0676
-1.1546
-0.10719
-1.7129
-0.45989
1.091
-0.16388
-0.06724
-1.0016
-0.55566
-1.3516
0.36421
-0.45221
0.78337
1.2372
1.0772
-0.034841
-0.50399
-1.224
0.11851
0.95947
-0.34093
-0.17332
0.6163
0.86392
-1.4169
0.19995
0.19583
-0.15113
0.89278
-0.36419
-0.82619
0.27601
0.4598
-0.21751
0.79612
-1.518
-1.0749
-3.0722
0.52141
-0.99102
-0.25313
1.0093
0.051012
-0.44043
-0.84847
-0.24037
0.60293
-1.5163
-0.068349
0.78239
-1.4207
0.66937
0.68324
-0.88214
-1.5045
0.43314
0.80826
0.57894
0.76285
-1.1821
0.58385
-0.58001
-0.56137
-1.5559
1.1002
0.17506
1.0036
1.511
-1.1372
0.64302
-0.01276
0.91426
1.1077
0.82047
-0.81761
-0.12649
0.26414
3.1585
1.2266
2.3206
0.4145
0.21183
0.61317
-0.52778
1.2416
-0.15763
-1.3736
0.87084
-1.5685
-1.8443
0.28841
-0.95091
-0.91073
-0.16195
-0.4889
-0.22278
0.27207
-1.1685
-1.2242
-2.0995
-0.39024
0.66428
-0.70226
0.50133
0.54031
0.99075
0.98938
-0.68884
-0.85684
0.04839
-0.66485
1.4527
1.3798
0.095136
-0.42713
0.51081
-0.65627
-0.12502
-0.53047
0.10559
1.1284
0.74248
1.1436
-0.91471
0.1798
-0.98335
0.38483
0.3257
1.2963
1.0992
0.65322
-0.50507
-0.47599
-2.0516
-0.4483
-1.5512
0.92983
0.90194
0.13829
-0.37841
0.14306
1.605
1.3491
-0.44844
0.16841
-1.1205
0.40073
0.73906
0.90004
-1.5312
0.50462
-0.86421
-0.37655
0.78801
0.29821
-0.16374
0.60673
1.6345
-0.62349
-1.3501
-1.1622
-0.94428
-0.67121
0.57668
-2.0858
0.23596
-0.77842
1.0996
-0.85556
0.0075576
-0.93759
-0.68156
-0.26014
-0.2288
-0.52481
1.1283
0.55014
1.8551
-0.2773
1.0666
-2.0992
0.63848
0.37147
-0.37418
0.69535
0.87763
1.0336
0.41979
0.60107
-0.67402
-1.0952
-0.26762
0.18655
0.95094
-0.79052
-0.48948
2.9745
-0.62259
1.9203
0.96115
-0.5578
-0.10656
-0.21516
0.47349
1.3656
-1.6378
2.0237
0.77779
-0.5489
-0.12601
0.29958
0.29617
1.2008
1.0902
-0.3587
-0.12993
0.73374
0.12033
1.1363
-0.68677
0.47168
0.28834
1.3919
-1.3455
0.00074741
0.053495
-2.3419
1.2481
2.8092
-0.23218
0.28703
-0.4646
0.38432
-0.37983
-0.10178
1.6182
-0.84723
-0.57588
-0.075913
-0.13247
1.4393
2.0313
-0.9782
-0.64102
0.52048
-0.3807
1.9929
1.6359
0.55902
0.56364
-0.3384
0.76365
1.1274
0.14157
1.9281
0.67064
-0.11011
0.37096
1.0966
-0.39816
-0.085463
2.3733
-0.47392
0.94634
0.81816
1.589
0.52601
-2.4652
-0.85253
0.51174
0.25777
1.9624
1.4063
0.49683
0.082831
-1.5485
1.8632
0.13403
-1.546
0.43328
0.10295
-0.57035
0.49306
-0.70751
-1.348
-1.7543
-0.36381
-0.62709
0.44015
-1.5026
-0.20824
-1.5051
1.8097
-0.11697
1.2262
0.49494
0.90859
-1.1542
1.2576
1.4525
-2.0768
-0.17649
-0.65208
0.15653
-0.85023
0.27905
0.59709
0.24472
-0.11835
-1.2894
0.057564
-0.52093
-1.279
-0.056227
-0.20968
0.1921
0.99233
0.57624
1.3058
-0.72931
-0.86457
-0.094921
1.3832
1.3037
-0.12581
-0.59687
-1.5206
0.67184
0.022844
-1.1778
-0.33458
-1.8295
0.42999
-0.17399
1.6312
-1.3594
0.97051
0.14364
0.082604
0.71666
1.1935
-1.0711
1.3189
-1.21
-1.0741
-0.67256
0.73646
-1.07
0.33472
0.41188
0.15412
0.55457
-1.1728
1.0076
0.11352
0.73005
-0.98351
0.052032
0.8776
1.0141
-0.084348
-1.8535
-1.0968
0.21863
0.79425
0.46312
-0.61263
2.2444
0.072348
0.86551
-0.4157
-1.1149
0.68525
1.0377
1.8222
-0.52899
-1.628
1.6173
0.26414
-1.1271
-0.55918
-0.80885
1.161
0.59211
0.24275
0.24048
-0.8215
0.99311
0.34639
-0.26113
-0.18471
-0.10173
-0.88704
0.74138
1.3922
2.4739
0.50392
-0.82248
0.20098
-1.0071
-0.61317
-0.65896
-0.83323
0.37818
-1.1153
0.66724
0.79533
1.0375
-0.020431
0.61895
1.8031
0.052993
-0.17789
1.7725
-2.5088
-0.45659
2.4304
-0.47145
-0.56033
-1.2265
0.79295
-2.1099
-0.7994
0.56698
-0.0014429
0.62392
0.12644
0.68087
-1.2874
0.21808
-1.5666
0.78328
-0.31057
0.65532
-0.53747
0.32864
1.0541
-1.9797
-1.8674
-1.8324
0.84859
0.40519
-0.70246
1.499
0.13779
-1.5868
-1.0191
-1.3852
0.95489
-0.60112
-1.1719
-0.57711
-0.83643
0.85297
0.47733
0.30232
0.41578
0.042975
-0.94885
0.54161
-0.82113
-1.0719
-1.0741
0.86955
0.98105
-1.7588
-0.1481
0.25194
-0.61038
0.76098
0.25443
-0.15283
-0.55741
0.67702
0.8493
0.46931
-0.23978
0.92099
-0.90688
0.14444
1.3964
-0.1897
-0.84384
1.9434
-0.24692
0.44162
-0.80361
0.28761
0.46702
0.0045616
0.32609
1.2046
-1.4041
0.20556
-1.9912
0.028409
1.9305
0.94114
-0.0069245
-0.33824
0.52827
1.0569
0.014741
1.6148
-0.81585
-1.9978
-0.74819
-0.1993
-0.37276
-0.84737
1.3372
-1.6163
-0.49182
-0.9693
-0.47411
-0.66616
0.47837
-1.0411
-0.82066
0.10113
1.084
-1.8545
1.7998
-0.87837
0.64773
1.0496
1.3231
-0.51736
0.024315
-0.16237
-0.60566
0.27171
0.35864
-0.35232
0.13236
2.6736
-0.0075661
0.7103
-0.46254
-0.52788
-0.34579
0.56456
-0.80154
-1.8529
0.053216
-0.43642
0.28001
0.084606
0.72912
0.90075
-1.3256
-1.5246
0.50243
0.30639
-0.93916
1.2374
0.033012
0.12357
0.27394
0.75417
1.5245
-0.26198
-1.7307
1.0135
-0.92774
1.2437
-0.58949
1.4915
-0.80598
-1.1126
0.95694
-1.3631
0.68058
0.43782
-0.14327
-0.34153
2.0578
-0.37454
-0.1902
-0.93873
-0.81346
-0.58362
1.7095
-0.39042
-0.69007
-0.44822
0.71438
-1.3157
0.62712
-1.3313
-0.13085
-1.8269
0.53592
0.69286
-0.68755
0.31758
0.16284
1.1591
0.12839
1.0395
-0.11677
-0.6483
-0.037981
-0.19932
0.88167
-0.056144
-0.84124
-0.15484
1.1886
-0.41491
-0.65862
0.98399
0.10123
-0.36271
-0.73883
-1.4798
0.15337
-0.31702
0.31892
-1.4565
1.3218
0.4872
-1.5666
1.0571
-0.58758
0.30222
0.21946
-0.8782
-2.8614
0.53556
-0.34204
-0.59786
0.41891
-0.68968
0.67119
0.1509
-0.99132
0.83683
0.47451
1.2522
-0.89262
-0.89527
0.31333
0.66703
0.82812
0.0065093
-0.23589
0.65282
1.9645
0.88458
0.084537
-0.57451
0.49975
-0.4841
0.23845
0.77825
0.92427
0.58814
1.3779
1.8512
-1.8977
-1.7787
-0.92264
-1.9979
-0.3571
-0.3364
0.25043
0.28616
-0.68617
-0.81331
0.7934
-0.38195
-1.3712
0.010307
0.20413
-0.41103
0.66356
0.22578
-0.21284
-0.044035
0.45818
-0.44142
-1.0549
-0.15558
0.12915
0.50943
-0.030124
-0.45736
0.59634
-0.11353
0.80702
-0.089803
-0.0062921
-0.091861
-0.92124
-0.92695
-0.96122
1.7848
-0.20019
0.94041
0.34916
1.8593
0.92707
-1.227
-0.32724
0.89165
0.28819
2.2652
-0.04789
-1.5519
0.44408
-0.91182
0.049435
1.078
0.30818
0.29964
-0.19722
-0.14642
-0.10307
-2.799
0.39328
0.99025
-1.2976
-1.522
0.62101
-1.5075
-1.6794
0.78898
-0.65428
1.2449
-1.2923
-0.61435
0.2417
0.54935
0.46763
0.19146
-0.2298
-0.57922
0.48048
-0.38683
0.42162
1.0877
-2.2493
1.8045
-0.63206
1.3165
1.5516
-1.4689
0.17694
3.4663
-0.21463
0.48628
0.33089
1.2679
1.0905
-0.94645
-0.4385
0.34322
-0.058403
2.535
0.43865
0.43752
-0.83768
-1.3075
0.79414
-0.19726
0.64915
-0.83147
0.89595
-1.8135
1.5667
0.8465
0.11015
-1.1611
-0.39754
0.25429
1.2078
-1.0335
1.2951
2.7681
-0.49535
0.46877
-0.6573
-1.717
1.4705
0.69414
-0.5107
0.11339
-0.22981
-1.4617
-2.8823
-0.047468
-0.46247
-0.57665
-0.84597
-1.8172
-0.52173
0.16144
-1.0618
0.45049
-0.2728
-0.10145
-1.4291
-0.76441
0.41014
-0.78993
0.16164
1.9779
0.79527
1.0374
2.3603
1.1754
0.39774
1.9512
-0.90466
-0.68215
2.0183
0.45434
-0.042104
0.45817
-0.26414
-0.29199
-0.3868
-0.55399
-0.94373
-0.059848
-0.57468
1.4419
0.23553
1.0214
-0.13983
-0.081551
1.2582
1.4685
0.032941
1.6925
0.47573
0.36853
2.192
1.5357
0.90726
0.40226
-0.53838
-0.11522
1.822
-2.0215
-0.63698
-0.1888
0.14828
-1.7839
0.52907
0.72973
-0.94013
-0.25929
-1.2135
1.6245
0.37351
-0.25089
-0.92546
0.09866
1.6843
0.27526
0.35329
-1.2004
0.16613
0.77616
-1.3814
1.1283
2.4654
-1.5579
-2.0666
-0.072599
0.75911
-0.081664
-0.15847
0.006498
-1.0646
-1.6439
1.5815
0.29261
-1.1876
1.0759
-1.2974
-0.12177
0.74077
-0.84072
-0.34947
0.029632
1.9524
0.45902
-0.39931
-0.22538
-0.28028
1.3067
-0.28438
-0.79171
0.24062
-0.094646
0.79323
0.95944
1.0871
0.64717
0.63255
1.9033
-1.16
-0.34731
-1.6951
0.91939
0.021531
-0.29934
-1.721
0.18343
-0.25973
-1.3548
-1.1574
-0.76199
-0.2503
-1.6488
-0.18199
0.61569
-0.37667
-0.69804
0.30412
1.1011
-0.44661
-0.46671
-1.4358
-0.97772
0.60589
-0.11365
0.76456
0.6699
0.37578
0.76665
1.5235
0.57682
0.42597
-0.042931
-1.2423
-0.50495
0.32585
-1.1114
0.46818
0.32261
0.10002
0.30143
0.023824
-0.022055
-0.0087579
0.92946
-0.090432
-2.6411
-0.48615
0.19597
0.95972
1.3803
-0.94146
0.76087
0.23792
-0.20837
0.024739
-0.028091
0.14036
0.23759
-0.67155
-1.045
0.96577
-0.21976
1.4145
-0.92419
-0.59414
1.4213
1.4076
-1.029
0.20651
1.3411
1.3327
-1.2849
1.6184
0.66164
0.22735
-0.22558
-0.96599
0.095018
-0.25673
2.3101
0.19006
-0.1734
-0.014029
-0.61274
2.0718
0.63702
0.074894
1.1233
-0.033128
-0.097748
-0.55662
-0.6155
1.6046
0.7685
0.086933
1.7044
0.023634
0.29004
-1.4199
0.47527
-1.4473
-0.98828
0.94938
0.35122
-0.87228
-0.39813
0.25644
0.22003
-1.7114
-1.2058
-1.7729
-0.072492
-1.7211
0.70188
-1.0055
-1.1064
1.7906
2.1624
-0.81928
-0.03705
1.963
-0.54027
1.7175
0.81981
0.055521
-0.35313
1.6931
0.71105
-0.63276
0.39273
-0.87796
0.14895
1.5319
0.53185
-0.75967
0.34798
-0.6978
2.0193
-1.7937
-0.65951
0.77145
-0.82034
0.017888
0.65454
1.2577
-0.92708
-0.16988
-0.47167
-0.11423
0.36949
-0.61862
0.80012
0.4267
-0.47233
0.27595
0.98423
0.99311
0.66821
-0.064998
-0.6201
0.2241
-0.46614
-0.33209
0.92481
1.447
0.59583
2.0533
-1.5293
0.022688
0.095285
1.6145
0.50127
-0.32384
0.55422
0.64244
0.18263
-2.0275
1.0231
-3.4915
0.10949
-1.5513
-0.35511
1.3986
-0.51347
1.9172
0.77841
-0.24646
-0.90353
-0.4959
0.37449
-2.3705
0.61506
0.27946
0.81887
2.0475
-0.32374
-0.98054
1.1796
0.89458
-0.14293
-0.59347
0.24892
-1.1298
0.066095
-0.63792
-0.81931
0.96795
0.030349
1.3511
-1.0864
0.24027
-1.0462
0.61872
1.305
1.0235
-2.1154
0.68173
0.0087093
0.33427
-0.54741
-1.651
0.89279
-0.50706
-0.32979
0.16835
2.5367
2.2936
-1.3187
-0.47413
0.98738
-2.073
1.244
-0.31524
1.3993
-0.87988
-0.92247
2.3144
0.58801
-0.30977
-1.033
1.1034
0.34211
-2.264
-0.90329
2.97
-0.011766
-1.9995
-0.88802
-0.4199
0.69458
-0.16275
0.10158
-0.017858
-0.96033
1.1728
-0.36527
-0.46341
0.19499
-0.066947
-0.52153
0.1271
2.113
0.54128
-0.65509
-0.86953
-0.2389
-1.576
1.8258
0.20427
-1.1634
0.12061
-1.4435
0.58235
-0.18147
0.04201
0.36184
0.85371
-0.80977
-1.4671
-0.1039
-0.82291
0.42498
-1.8547
0.85858
0.30639
-1.1116
-0.31724
0.83786
2.4265
-0.35109
1.382
-0.86066
0.20689
-0.2075
0.34026
-0.49811
-1.4214
-0.27077
0.43966
-0.50614
-0.18435
0.402
0.53923
-0.73359
-0.26837
0.8706
0.33076
-1.3479
1.5479
-0.61664
-0.69857
-1.4236
-0.10963
-0.10271
-0.32272
-0.83959
-1.6606
3.0125
1.5008
-0.35899
-0.11488
0.3589
-0.012137
-0.57036
0.93403
-1.1383
1.9572
-1.7632
-0.32333
0.87259
0.11792
-1.5031
0.92184
0.16324
-0.81467
0.40371
0.75616
2.1844
-0.093783
-0.29421
-0.50481
-1.927
0.52138
-2.0544
-0.26984
-0.27503
0.84514
-2.7712
0.91807
-0.51925
-1.293
-0.0087181
0.23335
-0.4242
-1.4694
1.2064
0.19734
-0.70688
1.2164
0.36717
-1.2675
0.62105
-1.7955
-1.0578
0.15154
0.41126
0.070498
-1.933
0.81872
1.2618
1.1673
-0.57033
-0.3939
-1.0174
0.25021
0.25212
-0.77148
0.91955
0.85216
0.65713
-0.75346
-1.3385
0.65223
1.4472
-1.2901
-2.2082
1.4361
-0.061672
1.1778
0.98551
-1.2186
-0.43188
-0.83494
0.17968
1.1663
0.055986
-2.1
1.2353
0.0026715
-0.45954
-2.1032
0.37392
0.24518
0.33858
-1.0781
-0.73016
-0.91633
1.7876
-0.8204
-0.19671
-0.89014
0.91075
-0.012265
0.072814
0.93942
0.67524
0.78597
-2.1327
0.21993
0.96629
0.34999
0.90182
2.1212
1.2486
-1.1232
-0.83009
-0.12178
-0.64259
-0.07895
1.2281
-0.53137
-0.2861
-0.22761
0.67452
1.0368
-0.14946
-0.31708
0.93359
0.72328
0.48818
3.2662
0.031701
0.34127
-0.083531
0.61642
-0.525
1.0077
1.8291
0.085288
-0.068325
-0.56347
-0.47357
-1.7035
-0.05372
-0.88134
1.2559
0.15584
0.054933
1.3986
-1.7756
0.32965
-1.0579
-0.64337
0.25844
0.89169
-0.83662
0.55315
1.4584
-0.85508
-0.99212
-0.011699
0.62691
0.0014992
-0.81633
0.11515
0.20707
-0.44456
-1.1205
0.43536
0.017089
-0.36299
-0.63124
-0.50032
-0.86719
-1.0401
1.2654
-0.24146
-1.729
-0.48824
1.0604
-0.53815
1.7773
-0.77952
-0.75297
-1.0331
1.1638
-0.58011
0.4173
-1.6481
-0.57268
0.65923
-1.2804
0.050124
0.5484
1.7784
0.64109
0.9467
-0.35425
-0.57882
0.056473
-0.89332
1.1221
0.77583
0.9625
1.2608
-0.10792
-0.57716
0.52563
1.152
0.85838
0.94558
1.5061
0.29534
1.2041
-0.011846
0.7895
-1.4036
1.5421
-1.7749
0.20566
-0.34621
-1.159
0.33583
0.33224
1.4112
0.13686
0.57763
0.24309
1.4677
1.1306
0.010653
0.12433
1.7794
-0.23947
0.85799
-0.87835
-0.76195
0.86278
0.64831
1.0581
-0.63319
1.018
0.17193
-0.047474
1.6891
1.437
-2.2511
0.35649
-0.85024
-0.29955
-0.63425
1.6245
1.2411
0.55528
0.70342
0.45816
0.68398
0.25129
-0.1785
0.50773
-0.3099
-0.39437
-0.26974
-0.08813
0.0080293
2.5318
-1.2232
-1.0718
0.24606
-0.050611
-0.73015
0.32699
0.75299
-1.1537
-0.40787
-1.2879
0.083578
0.1638
0.68257
-1.0864
0.29749
-0.14331
1.392
0.30675
-0.53718
-0.22893
-0.53622
1.439
-0.5111
-1.6068
-0.20124
1.1435
0.66329
0.16408
1.7854
-0.58771
0.25904
-0.87183
-0.78792
-0.34434
0.64762
2.0541
0.79894
-1.0711
-0.20516
-0.55444
-0.29294
1.1802
0.3774
0.99157
0.60345
-0.79289
0.93082
-1.3504
0.79979
0.59964
1.1004
-1.4197
-0.20364
0.017913
0.10035
0.87636
0.70069
0.65202
0.17853
1.676
-0.3251
0.10115
-0.57669
-0.061528
0.72559
-1.2273
0.19093
-0.73482
0.78838
-1.9654
-1.9555
1.6243
-0.14942
-1.9683
-1.6861
-0.086922
0.30739
0.33755
1.067
0.33294
-0.073484
1.0478
2.0589
0.026693
-0.24052
1.0385
-0.50723
-1.4831
-0.10649
0.24526
0.14579
-1.1181
-0.59694
-0.67949
0.95505
-0.1308
0.6494
0.59852
-0.1925
-1.9808
0.36294
0.70395
-0.7526
-0.016917
-0.44166
1.7013
-0.030569
0.20392
-1.0478
-0.73537
-1.3566
0.72859
0.60719
-0.82829
2.8876
0.91914
0.40579
1.9162
-2.4557
-0.091063
-0.02468
0.19994
-1.0383
0.52937
-2.2171
0.10742
0.43891
-0.040993
0.36431
-0.7637
0.54952
-0.37464
-1.6592
-0.31023
-0.61994
-1.0246
0.505
0.040473
-0.25473
-0.54774
1.6766
1.173
-0.18906
0.086573
1.5126
1.7933
1.1026
-0.32585
-0.58281
0.75159
-0.86373
-1.0709
-0.35524
0.95588
0.15928
0.24494
1.1247
0.23463
-1.1386
0.84209
0.47634
-0.08839
-0.41304
-0.54458
-0.024007
-0.80051
-0.51219
-1.4867
-0.51864
-0.69323
0.57765
1.455
1.0355
1.0468
0.67621
0.54659
0.74999
-0.72984
0.8332
-1.1986
0.61877
-0.83241
-0.97049
-0.45351
-1.3027
0.015975
1.1107
-0.24937
0.4957
0.16204
1.2118
-0.15832
0.29297
2.4677
1.1462
-0.93384
1.1198
-0.92423
0.009907
0.28937
0.87
-0.39726
0.53786
1.7697
-1.9055
-1.0767
1.1949
-0.29395
-0.038178
0.92393
2.2231
-1.3019
-0.90899
-0.0775
0.00051045
0.10686
-0.31246
1.2196
-0.90956
0.20398
0.98975
0.3752
-0.62213
0.12055
-0.3174
-0.59968
1.3532
-0.19767
-0.578
-0.75597
0.1212
-1.4958
-1.6462
0.1929
-1.2898
-0.39985
0.7754
0.92215
1.5445
-1.0096
0.85671
0.32529
1.2524
0.22016
0.8152
1.1394
-0.41171
-0.46107
-1.329
-0.0875
0.35545
-0.74314
0.072031
-0.3564
-0.43169
0.77933
0.81632
1.1483
-1.085
-0.13612
0.65509
-1.2935
1.9267
0.23325
-0.54502
1.0328
0.37714
0.10926
-0.68019
-1.7654
-0.96357
-0.64563
0.45253
0.6145
-0.7853
0.82818
0.66742
-0.1255
-0.95123
0.89204
-0.12972
-1.0135
0.25229
0.52359
-1.4616
1.8664
-2.1491
-1.6352
1.224
0.32517
-0.42891
0.011596
0.73132
-0.86802
0.92816
0.69732
-0.04515
0.19121
-0.62876
-0.85661
-0.38871
1.0285
-0.23972
-0.45162
-0.97927
-1.1334
0.022121
1.0402
1.2315
0.56018
-0.30904
-0.3676
0.36563
0.93744
0.97424
-2.1189
-0.046465
-0.96678
-0.47125
1.7352
-0.77753
-1.6838
0.17703
-0.12448
-0.41555
0.87946
0.56613
0.37592
-0.27695
0.3501
-0.29131
0.18608
0.5766
0.33966
-0.67283
-0.53701
-1.0402
0.99728
-0.026054
-0.657
0.67775
-0.51083
0.446
1.5166
0.93776
-0.16016
-0.11384
1.9371
-0.1708
0.30117
0.32599
0.92484
0.21529
0.36625
0.32215
2.689
0.87607
-0.87649
-1.2174
-1.6148
1.8401
-0.81893
0.99214
0.53382
-1.5267
2.0229
0.5523
1.8201
0.34264
0.17956
-1.0193
0.037599
0.13712
-1.5211
-0.018918
0.16325
-0.72115
0.4106
-1.2126
-0.57374
0.10539
-0.6051
0.42179
-0.36281
-0.87412
0.93159
0.60004
0.57136
0.68511
1.0094
0.99087
0.033691
-0.45027
-0.11066
1.2379
-1.1979
-0.56439
1.0433
0.846
-0.49554
-0.20682
-0.1558
-0.2754
-2.4432
-0.42732
0.30906
2.4516
-1.4626
-0.63554
-0.38547
-0.94228
-0.67377
-1.9242
-0.11242
-0.51851
0.53498
0.057408
1.0658
1.6207
0.12185
-1.238
0.24413
1.3983
-0.095473
0.38762
-0.96631
1.5092
0.40383
-0.42214
-1.674
-0.68763
-1.0272
-0.49256
0.34681
0.82935
0.15563
0.083714
0.37462
2.6532
0.33271
0.14077
1.5778
0.089548
-0.67298
0.93189
-0.35789
0.2021
0.87625
0.80795
-1.6033
-2.3621
-0.7017
1.6519
0.23507
-0.15175
-0.15589
1.0382
0.33048
0.47581
-2.0905
-0.17403
0.019188
-0.86003
-0.022949
-0.60232
0.8699
-0.57081
1.3047
-0.042644
0.89553
2.2849
0.066827
1.4946
-1.0725
1.8233
-1.2084
-0.065392
-0.32684
-1.1492
-1.308
0.64638
-1.3892
-1.3407
1.1289
0.0016961
0.37968
-0.90133
-0.19679
0.30694
0.16746
1.7881
-0.62408
-0.14996
0.83222
0.94809
-1.9737
-0.39188
-0.67671
-0.016021
0.51517
0.44483
1.1409
0.44768
0.31544
0.94559
0.42866
-1.3246
0.10982
-1.6547
1.1107
-2.1079
-0.54984
0.094261
-0.03822
1.8829
0.055461
-0.61389
0.58702
-1.2067
0.54533
0.25093
-0.39275
-0.62204
-1.1905
-1.8785
-0.42401
0.77724
-0.71393
1.5846
-0.88831
2.1408
-0.69218
0.099297
1.435
1.2334
-0.75764
0.73858
-1.1144
-1.7059
0.66116
-1.7296
-2.1381
-0.060048
1.3857
1.2178
-1.4951
0.037283
0.80287
0.97385
1.5607
1.5862
0.8563
-1.4245
0.039702
-1.3799
1.2331
1.7421
-2.0015
0.8355
-0.34282
-0.47796
-0.8891
1.2634
0.3832
-0.11887
0.41725
1.0132
-0.86952
-0.79468
0.6885
1.5857
1.2502
-0.1156
-1.3318
-2.3428
-0.92656
1.1296
-0.54913
0.28373
0.21278
-2.2028
1.2511
2.0247
-0.038897
0.99858
-0.75733
0.59615
2.1232
1.3117
-0.69994
-1.0196
0.053115
-0.23702
-0.062736
1.2711
0.22114
1.664
-0.04296
-0.13324
0.7932
0.42627
-0.2099
-1.5882
-1.1164
0.61686
0.54346
-1.4679
0.11991
0.52936
-1.1752
-0.99822
1.194
-1.7537
0.44653
0.97806
-1.7913
-0.13019
-1.1752
0.089962
-0.42217
-1.6509
0.61797
0.59616
-0.61844
0.52788
-1.3443
-1.2348
-1.1534
-0.10933
-0.52419
1.9113
-0.071106
0.56184
0.57407
0.37173
0.19169
1.2441
-1.1642
1.6353
0.68633
-1.1495
1.1102
1.1826
1.7073
-0.42032
1.6394
0.26347
-1.4635
-0.77617
0.92949
1.793
-1.1832
-0.11118
-0.65677
1.8797
-0.89608
1.3315
-0.62457
0.77668
-1.3243
1.5003
-2.2029
0.32251
0.421
-0.8207
-0.96646
0.60935
-1.0362
-0.028238
-2.8198
-2.081
-0.044753
1.118
-1.6495
0.67867
0.49432
-0.58847
-0.023925
2.1913
-1.4006
0.4801
0.20755
0.32208
-0.0058805
0.28139
-0.25134
-1.6935
-0.58402
0.23444
0.25879
0.60366
2.221
-1.6541
0.68041
0.13583
-0.037987
-0.69314
-0.12753
0.68036
0.42621
-1.6057
0.90621
0.24951
1.8942
-1.1124
-0.72204
-1.7522
0.0036123
0.99514
-0.47897
-0.5191
-0.29466
-0.16055
1.0235
0.015895
-0.48266
0.63467
-1.3644
0.59862
-0.2065
2.1394
-0.64881
0.42359
0.11787
-1.0808
0.87553
-2.2263
-1.9461
-1.3096
1.3056
0.98397
-1.2514
-0.17975
-0.74341
0.23324
2.1013
-0.87667
1.9488
-0.46527
-0.65192
0.60963
0.70912
0.2798
-1.4675
-0.69132
-0.86799
-0.51251
-0.78209
0.42579
1.0115
-0.25067
0.55424
0.75888
0.13384
-0.27256
-0.54263
-1.1631
-0.27352
0.1595
-0.18671
0.2179
0.046238
0.67032
-0.6305
-0.11841
0.24206
-0.37608
0.28044
-1.7745
0.45858
0.46182
-0.0011875
-0.35294
-0.43299
-1.7048
1.0957
0.63577
-1.0872
-1.4773
-0.38525
0.68084
0.83265
0.5346
0.76802
1.7549
-1.7043
0.46951
-0.054304
-0.74887
0.71676
-0.0055129
1.2001
-1.034
-0.84757
0.43342
-0.88752
0.12123
-0.4019
1.0967
0.43667
-0.407
-0.63869
-0.40488
2.3939
-0.049623
-0.20258
-0.19753
1.5163
-1.7322
1.1125
-0.71928
-0.27337
0.6774
-0.93645
0.42572
-0.074543
-1.3988
0.19231
0.58039
0.63786
-0.56598
-0.016138
0.62232
0.53344
-0.38934
-1.2717
0.2726
0.31747
1.4984
-1.5538
-0.35429
0.43423
-0.10148
2.0288
-0.36721
-2.3638
0.72986
-1.399
1.3149
0.40383
-0.34417
-0.98006
1.8573
0.30954
-0.4891
-0.69488
-0.18039
1.2563
1.9107
0.027193
0.42713
0.32336
-1.649
0.14034
-0.49804
-0.42777
-0.15087
-2.8908
-0.73454
0.75622
0.12079
-0.51591
-0.34086
-1.08
-0.69739
-0.583
-0.18613
0.58796
-0.021041
-0.079761
-0.83551
0.97862
0.23548
0.56605
0.21929
0.80771
1.5125
-0.43163
0.54256
0.6793
-0.0087669
1.9119
-0.97862
-0.48613
0.077898
0.026201
-0.22278
-0.47971
0.82459
-0.060403
-0.80676
1.7128
0.91216
1.4888
-0.026748
1.9158
0.91968
-1.8081
-1.2653
0.58363
-0.11619
-0.14381
1.0748
1.7022
0.39124
0.12733
2.2509
-0.010678
-0.45055
-0.59505
-0.73567
0.081695
-0.86086
-1.8584
-1.2849
0.4362
1.0913
1.2026
2.3129
-1.084
1.3645
0.08168
-0.46778
-0.42638
0.88962
0.64975
-1.8062
1.0247
0.82523
-0.23633
-0.98127
-0.76959
-1.2361
-0.050215
-0.38866
-0.31195
0.22136
-0.29732
-1.6972
-0.59871
-0.52335
-1.7158
0.88568
-2.1666
0.42213
-0.29481
-0.36425
0.64766
-0.30353
-0.22684
-0.87158
1.1258
0.99162
0.68644
0.53125
0.72644
0.69425
0.3941
0.63162
-0.7091
0.029347
0.55038
-0.72548
0.00076437
-0.18751
1.2414
0.47249
1.0945
0.62267
1.0092
-0.094497
0.11515
-0.62816
0.38757
3.0743
0.097586
-0.045595
0.85826
-1.5636
1.1282
-0.84757
0.56751
0.2766
-0.067025
-0.71728
0.41731
1.1246
0.68264
1.3961
-1.3886
0.019262
-1.3504
0.11464
0.54163
-0.76767
1.2828
-0.47486
0.62343
-0.3477
-0.75832
-0.73717
-1.451
1.5208
-2.4472
-1.29
-1.9846
-1.3429
-2.7918
0.60219
0.040443
-1.0309
-1.301
-1.318
-0.27846
-2.0221
0.40673
-0.089826
-0.34226
0.65223
0.34574
-0.34469
0.030786
-0.13335
-0.62604
1.1114
1.2022
0.072382
-1.0267
-1.173
0.251
-0.26462
-0.81319
0.13202
-1.1847
0.34042
-1.5921
-2.4538
-0.20812
-0.98193
1.5311
1.3727
-0.61212
-0.96674
-0.2164
-0.31608
1.3853
-0.3483
1.2055
1.2372
2.5197
-0.37945
-0.47527
1.6757
-0.73837
-1.8155
0.086728
0.50026
-0.36298
-0.35069
-1.3629
1.7228
0.20137
-0.54769
0.40181
0.8344
-1.0483
0.22526
-0.48237
1.6507
0.15893
-1.1247
-0.11106
0.44905
2.1006
0.039567
0.57157
1.2007
0.50877
-0.86976
-0.16106
-0.65782
0.70675
1.5403
-0.021942
1.0548
-0.69676
0.1593
-0.17647
1.6303
0.29396
0.76771
-0.34119
-0.6334
0.3947
-0.81844
-1.3617
-0.30212
1.5992
-0.39232
0.22083
-0.59372
-2.0504
0.00042709
1.6937
-0.33153
-1.1501
-0.99067
0.36419
-0.42033
0.98362
-0.27577
-2.0855
-0.43947
0.71192
1.0265
1.2849
1.0007
1.0734
1.894
1.5344
0.17559
-0.47612
-0.27975
0.70263
1.2082
-0.24756
1.5127
-0.72495
-0.46533
-0.38695
-0.66195
0.8699
-0.18709
1.8515
-0.0061285
1.8663
-2.43
0.36182
0.28348
1.9352
0.26172
1.7792
1.8927
-0.62032
-1.1907
0.85819
-0.81508
-0.15715
-0.57123
0.10081
0.59642
0.7122
0.13564
-0.94691
-0.84693
0.2923
-2.1843
-1.1744
-1.5658
-0.32795
0.48522
2.3648
-0.004127
-1.0676
-0.45355
0.45822
1.0218
-0.45907
-0.0046098
1.1859
0.22374
0.080392
-0.33107
-0.38463
1.058
-0.53166
-0.04727
-1.0338
0.60375
0.24918
0.44154
-0.026926
-0.7421
-0.085315
-1.2841
-0.3386
2.3072
1.6723
0.86778
0.43806
0.82656
0.3895
0.93175
1.2058
-1.0213
-0.19099
-0.027151
-0.55512
-0.99418
1.2721
0.66781
-0.91078
-1.0527
0.4272
-0.68884
-1.1983
-0.24746
-0.84473
0.84962
2.3066
-1.701
0.8375
0.42243
-0.84256
0.96166
-0.88837
-1.8822
-1.1233
0.57816
0.41031
1.0027
0.49077
1.2604
-2.0048
-0.30451
-0.3632
-0.057884
1.0672
-0.67642
0.25245
-1.9107
-0.91536
0.94014
-1.7435
1.4148
-0.4841
0.52777
-1.1763
0.75481
-0.0014105
1.2541
-0.54674
-0.73536
-0.75608
1.9747
-0.32971
-1.609
0.94857
0.024952
-0.35587
0.51682
0.88748
-0.63718
0.1109
-0.31065
-0.5781
0.47552
0.72137
-1.3701
1.1101
0.14884
-0.23604
-1.5885
-0.25721
-0.06956
0.1038
-0.4365
0.92609
1.568
1.2436
-0.23055
0.3356
0.40672
-0.6218
-0.011487
-0.58972
0.068756
1.61
-0.18703
-0.73076
1.3774
0.87307
-0.5254
-0.737
1.4109
0.03137
0.18525
0.34928
-0.62906
1.0889
2.3531
-2.4878
0.19797
0.94536
-0.79584
0.089737
0.17059
-0.59975
0.70657
1.2149
0.22323
0.36966
-0.5465
1.1185
-0.090271
0.44066
1.1748
-0.29724
-0.19418
0.090557
-0.22332
-1.2689
0.4824
-1.4415
-0.30445
-1.4084
1.3014
0.08539
0.47895
-0.26284
1.5868
-0.40398
1.1517
1.1531
-0.5256
0.42936
0.1266
2.115
-0.99422
-1.5845
0.31085
-0.96961
-0.58915
0.33143
-1.2981
1.0717
0.42141
1.4224
-0.31185
0.91303
-1.1189
0.24083
1.1234
-0.64821
0.087371
1.6347
-0.78451
-1.1104
0.93361
-0.023487
-1.1007
-0.89371
0.34627
0.24488
-0.35158
0.22906
0.56443
-0.73097
-0.31976
-0.72566
1.3399
-1.2787
1.6141
-0.56977
-0.0020315
0.95754
0.73778
-0.34139
0.88858
-1.1797
1.3815
1.1604
0.018513
0.40389
0.97951
-0.32774
0.54541
0.6872
0.37195
-1.4205
-0.33567
-1.9762
-0.38301
-0.78986
-0.09604
0.37741
0.83001
-0.14317
0.040143
1.0133
1.2967
0.21759
0.86126
-0.7299
1.5856
-0.66277
-0.76753
0.53812
-0.065333
-1.5865
1.0775
0.69521
1.6476
0.29484
0.70498
-1.1515
1.8595
2.3715
-0.38132
-0.69478
1.0001
-1.1353
0.15361
-0.13482
0.82663
-1.9688
0.12344
0.26192
-1.7711
-0.15884
0.62918
-1.2758
-0.30004
0.19685
-0.52258
1.5732
0.76944
-0.57876
0.33162
1.1288
0.24822
0.55692
0.64314
0.73915
-1.3227
-0.67679
-0.35289
-1.5974
-1.4019
0.35765
0.35891
0.9246
0.3656
-0.76678
-0.015724
-0.71651
0.86716
-1.511
0.85945
0.4981
0.77309
-0.57862
0.19713
-0.041034
-1.5108
0.48478
0.4426
-0.74311
1.24
-1.7651
-0.41099
-0.39083
-0.71372
-0.66394
0.48305
-0.8738
0.06888
-0.42512
-0.12836
1.9323
-0.54186
0.88552
0.037869
0.03148
-1.9026
1.0208
0.15452
-0.43402
0.037427
-0.10901
1.832
-1.1068
-0.56153
0.26281
1.8542
0.25734
1.1111
0.75262
0.71895
1.2875
2.2912
0.14759
-0.29002
0.18721
-0.30318
-2.3113
-0.11595
0.16784
-0.3663
-0.21687
1.2362
0.08252
-0.029898
-0.66135
-0.55724
-0.1009
0.12793
0.38861
1.6352
1.3566
-1.1972
1.7566
-0.9855
2.5712
0.19929
-0.43873
-2.0213
-0.39798
1.5421
-0.41266
-0.45082
-1.313
-1.1739
-0.57869
0.36003
-2.0623
0.66735
-0.48111
0.80433
-0.0043457
-0.44269
0.50276
0.50515
2.0251
-1.3012
-0.70203
-1.2234
-0.57012
-0.50539
-0.44143
-0.46893
-0.51039
-0.23713
0.42824
1.1137
-0.36496
1.8274
0.87276
1.2197
-0.9802
-1.8282
0.32694
0.34433
-1.7003
-1.4859
0.35206
1.0365
1.3563
-0.91826
0.60462
0.61424
-0.032075
-1.0519
-1.1045
0.74052
-1.6821
-0.29493
0.14048
1.093
-0.35915
-1.3925
0.34804
-0.71966
1.7775
-0.86794
0.171
2.0424
1.0541
-0.016916
0.47917
2.4027
1.4006
-1.3284
0.18471
1.0649
-1.5348
0.28867
-0.068164
0.28837
-0.80508
-1.827
-1.0724
1.8749
